ROAD_0=850.0,-2.0,0.0_1168.0,-68.0,0.0_1704.0,-44.0,0.0_2072.0,54.0,0.0_2232.0,224.0,0.0_2254.0,856.0,0.0_2280.0,1128.0,0.0_2336.0,1408.0,0.0_2480.0,1560.0,0.0_2712.0,1704.0,0.0_2904.0,1728.0,0.0_3280.0,1728.0,0.0_3872.0,1822.0,0.0_4016.0,1998.0,0.0_4056.0,2120.0,0.0_4080.0,2560.0,0.0_4120.0,2936.0,0.0_3934.0,3280.0,0.0_3752.0,3380.0,0.0_3648.0,3436.0,0.0_3072.0,3444.0,0.0_2496.0,3444.0,0.0_1792.0,3468.0,0.0_920.0,3454.0,0.0_604.0,3318.0,0.0_440.0,3056.0,0.0_442.0,2648.0,0.0_460.0,1912.0,0.0_476.0,1016.0,0.0_490.0,576.0,0.0_595.0,170.0,0.0
ROAD_1=720.0,-42.0,0.0_1168.0,-218.0,0.0_1704.0,-184.0,0.0_2152.0,-16.0,0.0_2432.0,384.0,0.0_2434.0,856.0,0.0_2440.0,968.0,0.0_2496.0,1248.0,0.0_2560.0,1400.0,0.0_2792.0,1544.0,0.0_2984.0,1568.0,0.0_3360.0,1568.0,0.0_3952.0,1672.0,0.0_4176.0,1958.0,0.0_4296.0,2320.0,0.0_4320.0,2560.0,0.0_4280.0,3016.0,0.0_4094.0,3360.0,0.0_3862.0,3530.0,0.0_3728.0,3566.0,0.0_3152.0,3604.0,0.0_2576.0,3604.0,0.0_1872.0,3628.0,0.0_840.0,3614.0,0.0_454.0,3388.0,0.0_360.0,3226.0,0.0_312.0,2648.0,0.0_330.0,1912.0,0.0_346.0,1016.0,0.0_360.0,576.0,0.0_420.0,230.0,0.0
DATA_0=0
INIT_0=489.0,730.0,1.0,0.0,1.570796,0.0,0
DATA_1=3
INIT_1=350.0,1000.0,1.0,0.0,-1.570796,0.0,1
DATA_2=1
INIT_2=2496.0,3610.0,1.0,0.0,3.1415,0.0,1
DATA_3=2
INIT_3=4095.0,2560.0,1.0,0.0,-1.6,0.0,0
DATA_4=5
INIT_4=2496.0,3464.0,1.0,0.0,0.0,0.0,0
DATA_5=6
INIT_5=2254.0,861.0,1.0,0.0,-1.9,0.0,0
DATA_6=0
INIT_6=1704.0,-29.0,1.0,0.0,3.14,0.0,0
DATA_7=1
INIT_7=2427.0,384.0,1.0,0.0,1.57,0.0,1
DATA_8=2
INIT_8=4275.0,3016.0,1.0,0.0,1.7,0.0,1
DATA_9=3
INIT_9=1704.0,-174.0,1.0,0.0,0.1,0.0,1
DATA_10=4
INIT_10=2560.0,1400.0,1.0,0.0,0.5,0.0,1
