NX=0
NY=0
DX=0
DY=0
X0=0.0
Y0=0.0
P=14.281428571428574,25.0,0.0_18.567142857142862,25.0,0.0_46.85285714285715,25.0,0.0_51.138571428571424,25.0,0.0_14.281428571428574,25.0,20.0_18.567142857142862,25.0,20.0_46.85285714285715,25.0,20.0_51.138571428571424,25.0,20.0_10.0,30.0,0.0_9.995714285714286,30.0,20.0_14.281428571428574,30.0,28.0_18.567142857142862,30.0,28.0_46.85285714285715,30.0,28.0_51.138571428571424,30.0,28.0_56.424285714285716,30.0,20.0_56.41999999999999,30.0,0.0_10.0,41.0,0.0_9.995714285714286,41.0,20.0_14.281428571428574,41.0,28.0_18.567142857142862,41.0,38.0_46.85285714285715,41.0,38.0_51.138571428571424,41.0,28.0_56.424285714285716,41.0,20.0_56.41999999999999,41.0,0.0_10.0,100.0,0.0_10.0,100.0,20.0_14.281428571428574,100.0,28.0_18.567142857142862,100.0,38.0_46.85285714285715,100.0,38.0_51.138571428571424,100.0,28.0_56.424285714285716,100.0,20.0_56.41999999999999,100.0,0.0_10.0,120.0,0.0_9.995714285714286,120.0,20.0_14.281428571428574,120.0,28.0_18.567142857142862,120.0,28.0_46.85285714285715,120.0,28.0_51.138571428571424,120.0,28.0_56.424285714285716,120.0,20.0_56.41999999999999,120.0,0.0_10.0,135.0,0.0_9.995714285714286,135.0,20.0_14.281428571428574,135.0,28.0_18.567142857142862,135.0,28.0_46.85285714285715,135.0,28.0_51.138571428571424,135.0,28.0_56.424285714285716,135.0,20.0_56.41999999999999,135.0,0.0_14.281428571428574,150.0,20.0_18.567142857142862,150.0,20.0_46.85285714285715,150.0,20.0_51.138571428571424,150.0,20.0_14.281428571428574,150.0,0.0_18.567142857142862,150.0,0.0_46.85285714285715,150.0,0.0_51.138571428571424,150.0,0.0
L=[2]8,9,17,16_[2]16,17,25,24_[2]24,25,33,32_[2]32,33,41,40_[2]9,10,18,17_[2]17,18,26,25_[2]25,26,34,33_[2]33,34,42,41_[0]0,1,5,4_[0]4,5,11,10_[2]18,19,27,26_[1]34,35,43,42_[1]42,43,49,48_[4]48,49,53,52_[0]1,2,6,5_[0]5,6,12,11_[1]11,12,20,19_[1]19,20,28,27_[1]27,28,36,35_[1]35,36,44,43_[1]43,44,50,49_[4]49,50,54,53_[0]2,3,7,6_[0]6,7,13,12_[3]20,21,29,28_[1]36,37,45,44_[1]44,45,51,50_[4]50,51,55,54_[3]13,14,22,21_[3]21,22,30,29_[3]29,30,38,37_[3]37,38,46,45_[3]14,15,23,22_[3]22,23,31,30_[3]30,31,39,38_[3]38,39,47,46_[3]45,46,51_[0]13,7,14_[2]9,4,10_[2]41,42,48_[0]7,3,15,14_[2]8,0,4,9_[3]51,46,47,55_[2]40,41,48,52_[3]29,37,28_[1]28,37,36_[1]27,35,34_[2]27,34,26_[2]19,18,10_[1]19,10,11_[1]20,12,13_[3]20,13,21_[2]1,0,8,16,24,32,40,52,53,54,55,47,39,31,23,15,3,2