NX=0
NY=0
DX=0
DY=0
X0=0.0
Y0=0.0
P=17.281428571428574,25.0,0.0_22.567142857142862,25.0,0.0_53.85285714285715,25.0,0.0_59.138571428571424,25.0,0.0_17.281428571428574,25.0,23.0_22.567142857142862,25.0,23.0_53.85285714285715,25.0,23.0_59.138571428571424,25.0,23.0_10.0,40.0,0.0_9.995714285714286,40.0,17.0_17.281428571428574,40.0,22.0_22.567142857142862,40.0,22.0_53.85285714285715,40.0,22.0_59.138571428571424,40.0,22.0_66.42428571428572,40.0,17.0_66.41999999999999,40.0,0.0_10.0,61.0,0.0_9.995714285714286,61.0,17.0_17.281428571428574,61.0,22.0_22.567142857142862,61.0,29.0_53.85285714285715,61.0,29.0_59.138571428571424,61.0,22.0_66.42428571428572,61.0,17.0_66.41999999999999,61.0,0.0_10.0,86.0,0.0_10.0,86.0,17.0_17.281428571428574,86.0,22.0_22.567142857142862,86.0,29.0_53.85285714285715,86.0,29.0_59.138571428571424,86.0,22.0_66.42428571428572,86.0,17.0_66.41999999999999,86.0,0.0_10.0,106.0,0.0_9.995714285714286,106.0,17.0_17.281428571428574,106.0,22.0_22.567142857142862,106.0,22.0_53.85285714285715,106.0,22.0_59.138571428571424,106.0,22.0_66.42428571428572,106.0,17.0_66.41999999999999,106.0,0.0_10.0,126.0,0.0_9.995714285714286,126.0,17.0_17.281428571428574,126.0,22.0_22.567142857142862,126.0,22.0_53.85285714285715,126.0,22.0_59.138571428571424,126.0,22.0_66.42428571428572,126.0,17.0_66.41999999999999,126.0,0.0_17.281428571428574,141.0,17.0_22.567142857142862,141.0,17.0_53.85285714285715,141.0,17.0_59.138571428571424,141.0,17.0_17.281428571428574,141.0,0.0_22.567142857142862,141.0,0.0_53.85285714285715,141.0,0.0_59.138571428571424,141.0,0.0
L=[2]8,9,17,16_[2]16,17,25,24_[2]24,25,33,32_[2]32,33,41,40_[1]9,10,18,17_[1]17,18,26,25_[1]25,26,34,33_[1]33,34,42,41_[0]0,1,5,4_[1]4,5,11,10_[2]18,19,27,26_[1]34,35,43,42_[1]42,43,49,48_[4]48,49,53,52_[0]1,2,6,5_[1]5,6,12,11_[1]11,12,20,19_[1]19,20,28,27_[1]27,28,36,35_[1]35,36,44,43_[1]43,44,50,49_[4]49,50,54,53_[0]2,3,7,6_[1]6,7,13,12_[3]20,21,29,28_[1]36,37,45,44_[1]44,45,51,50_[4]50,51,55,54_[1]13,14,22,21_[1]21,22,30,29_[1]29,30,38,37_[1]37,38,46,45_[3]14,15,23,22_[3]22,23,31,30_[3]30,31,39,38_[3]38,39,47,46_[1]45,46,51_[1]13,7,14_[1]9,4,10_[1]41,42,48_[3]7,3,15,14_[2]8,0,4,9_[3]51,46,47,55_[2]40,41,48,52_[3]29,37,28_[1]28,37,36_[1]27,35,34_[2]27,34,26_[2]19,18,10_[1]19,10,11_[1]20,12,13_[3]20,13,21_[2]1,0,8,16,24,32,40,52,53,54,55,47,39,31,23,15,3,2