NX=0
NY=0
DX=0
DY=0
X0=0.0
Y0=0.0
P=15.281428571428574,25.0,0.0_20.567142857142862,25.0,0.0_59.85285714285715,25.0,0.0_65.13857142857142,25.0,0.0_15.281428571428574,25.0,29.0_20.567142857142862,25.0,29.0_59.85285714285715,25.0,29.0_65.13857142857142,25.0,29.0_10.0,30.0,0.0_9.995714285714287,30.0,29.0_15.281428571428574,30.0,39.0_20.567142857142862,30.0,39.0_59.85285714285715,30.0,39.0_65.13857142857142,30.0,39.0_70.42428571428572,30.0,29.0_70.41999999999999,30.0,0.0_10.0,40.0,0.0_9.995714285714287,40.0,29.0_15.281428571428574,40.0,39.0_20.567142857142862,40.0,56.0_59.85285714285715,40.0,56.0_65.13857142857142,40.0,39.0_70.42428571428572,40.0,29.0_70.41999999999999,40.0,0.0_10.0,145.0,0.0_10.0,145.0,29.0_15.281428571428574,145.0,39.0_20.567142857142862,145.0,56.0_59.85285714285715,145.0,56.0_65.13857142857142,145.0,39.0_70.42428571428572,145.0,29.0_70.41999999999999,145.0,0.0_10.0,155.0,0.0_9.995714285714287,155.0,29.0_15.281428571428574,155.0,39.0_20.567142857142862,155.0,39.0_59.85285714285715,155.0,39.0_65.13857142857142,155.0,39.0_70.42428571428572,155.0,29.0_70.41999999999999,155.0,0.0_10.0,165.0,0.0_9.995714285714287,165.0,29.0_15.281428571428574,165.0,39.0_20.567142857142862,165.0,39.0_59.85285714285715,165.0,39.0_65.13857142857142,165.0,39.0_70.42428571428572,165.0,29.0_70.41999999999999,165.0,0.0_15.281428571428574,175.0,29.0_20.567142857142862,175.0,29.0_59.85285714285715,175.0,29.0_65.13857142857142,175.0,29.0_15.281428571428574,175.0,0.0_20.567142857142862,175.0,0.0_59.85285714285715,175.0,0.0_65.13857142857142,175.0,0.0
L=[2]8,9,17,16_[2]16,17,25,24_[2]24,25,33,32_[2]32,33,41,40_[2]9,10,18,17_[2]17,18,26,25_[2]25,26,34,33_[2]33,34,42,41_[0]0,1,5,4_[0]4,5,11,10_[2]18,19,27,26_[1]34,35,43,42_[4]42,43,49,48_[4]48,49,53,52_[0]1,2,6,5_[0]5,6,12,11_[0]11,12,20,19_[1]19,20,28,27_[4]27,28,36,35_[1]35,36,44,43_[4]43,44,50,49_[4]49,50,54,53_[0]2,3,7,6_[0]6,7,13,12_[3]20,21,29,28_[1]36,37,45,44_[4]44,45,51,50_[4]50,51,55,54_[3]13,14,22,21_[3]21,22,30,29_[3]29,30,38,37_[3]37,38,46,45_[3]14,15,23,22_[3]22,23,31,30_[3]30,31,39,38_[3]38,39,47,46_[3]45,46,51_[0]13,7,14_[0]9,4,10_[2]41,42,48_[0]7,3,15,14_[0]8,0,4,9_[3]51,46,47,55_[2]40,41,48,52_[3]29,37,28_[4]28,37,36_[4]27,35,34_[2]27,34,26_[2]19,18,10_[0]19,10,11_[0]20,12,13_[3]20,13,21_[2]1,0,8,16,24,32,40,52,53,54,55,47,39,31,23,15,3,2