P=17.281428571428574,25.0,0.0_22.567142857142862,25.0,0.0_53.85285714285715,25.0,0.0_59.138571428571424,25.0,0.0_17.281428571428574,25.0,23.0_22.567142857142862,25.0,23.0_53.85285714285715,25.0,23.0_59.138571428571424,25.0,23.0_10.0,40.0,0.0_9.995714285714286,40.0,17.0_17.281428571428574,40.0,22.0_22.567142857142862,40.0,22.0_53.85285714285715,40.0,22.0_59.138571428571424,40.0,22.0_66.42428571428572,40.0,17.0_66.41999999999999,40.0,0.0_10.0,61.0,0.0_9.995714285714286,61.0,17.0_17.281428571428574,61.0,22.0_22.567142857142862,61.0,29.0_53.85285714285715,61.0,29.0_59.138571428571424,61.0,22.0_66.42428571428572,61.0,17.0_66.41999999999999,61.0,0.0_10.0,86.0,0.0_10.0,86.0,17.0_17.281428571428574,86.0,22.0_22.567142857142862,86.0,29.0_53.85285714285715,86.0,29.0_59.138571428571424,86.0,22.0_66.42428571428572,86.0,17.0_66.41999999999999,86.0,0.0_10.0,106.0,0.0_9.995714285714286,106.0,17.0_17.281428571428574,106.0,22.0_22.567142857142862,106.0,22.0_53.85285714285715,106.0,22.0_59.138571428571424,106.0,22.0_66.42428571428572,106.0,17.0_66.41999999999999,106.0,0.0_10.0,126.0,0.0_9.995714285714286,126.0,17.0_17.281428571428574,126.0,22.0_22.567142857142862,126.0,22.0_53.85285714285715,126.0,22.0_59.138571428571424,126.0,22.0_66.42428571428572,126.0,17.0_66.41999999999999,126.0,0.0_17.281428571428574,141.0,17.0_22.567142857142862,141.0,17.0_53.85285714285715,141.0,17.0_59.138571428571424,141.0,17.0_17.281428571428574,141.0,0.0_22.567142857142862,141.0,0.0_53.85285714285715,141.0,0.0_59.138571428571424,141.0,0.0
L=8,9,17,16_16,17,25,24_24,25,33,32_32,33,41,40_9,10,18,17_17,18,26,25_25,26,34,33_33,34,42,41_0,1,5,4_4,5,11,10_18,19,27,26_34,35,43,42_42,43,49,48_48,49,53,52_1,2,6,5_5,6,12,11_11,12,20,19_19,20,28,27_27,28,36,35_35,36,44,43_43,44,50,49_49,50,54,53_2,3,7,6_6,7,13,12_20,21,29,28_36,37,45,44_44,45,51,50_50,51,55,54_13,14,22,21_21,22,30,29_29,30,38,37_37,38,46,45_14,15,23,22_22,23,31,30_30,31,39,38_38,39,47,46_45,46,51_13,7,14_9,4,10_41,42,48_7,3,15,14_8,0,4,9_51,46,47,55_40,41,48,52_29,37,28_28,37,36_27,35,34_27,34,26_19,18,10_19,10,11_20,12,13_20,13,21