NX=0
NY=0
DX=0
DY=0
X0=0.0
Y0=0.0
P=14.281428571428577,25.0,0.0_18.567142857142862,25.0,0.0_48.85285714285715,25.0,0.0_53.13857142857145,25.0,0.0_14.281428571428577,25.0,20.0_18.567142857142862,25.0,20.0_48.85285714285715,25.0,20.0_53.13857142857145,25.0,20.0_10.0,40.0,0.0_9.995714285714286,40.0,20.0_14.281428571428577,40.0,30.0_18.567142857142862,40.0,30.0_48.85285714285715,40.0,30.0_53.13857142857145,40.0,30.0_57.42428571428573,40.0,20.0_57.420000000000016,40.0,0.0_10.0,60.0,0.0_9.995714285714286,60.0,20.0_14.281428571428577,60.0,30.0_18.567142857142862,60.0,40.0_48.85285714285715,60.0,40.0_53.13857142857145,60.0,30.0_57.42428571428573,60.0,20.0_57.420000000000016,60.0,0.0_10.0,100.0,0.0_10.0,100.0,20.0_14.281428571428577,100.0,30.0_18.567142857142862,100.0,40.0_48.85285714285715,100.0,40.0_53.13857142857145,100.0,30.0_57.42428571428573,100.0,20.0_57.420000000000016,100.0,0.0_10.0,120.0,0.0_9.995714285714286,120.0,20.0_14.281428571428577,120.0,30.0_18.567142857142862,120.0,30.0_48.85285714285715,120.0,30.0_53.13857142857145,120.0,30.0_57.42428571428573,120.0,20.0_57.420000000000016,120.0,0.0_10.0,135.0,0.0_9.995714285714286,135.0,20.0_14.281428571428577,135.0,30.0_18.567142857142862,135.0,30.0_48.85285714285715,135.0,30.0_53.13857142857145,135.0,30.0_57.42428571428573,135.0,20.0_57.420000000000016,135.0,0.0_14.281428571428577,150.0,20.0_18.567142857142862,150.0,20.0_48.85285714285715,150.0,20.0_53.13857142857145,150.0,20.0_14.281428571428577,150.0,0.0_18.567142857142862,150.0,0.0_48.85285714285715,150.0,0.0_53.13857142857145,150.0,0.0
L=8,9,17,16_16,17,25,24_24,25,33,32_32,33,41,40_9,10,18,17_17,18,26,25_25,26,34,33_33,34,42,41_0,1,5,4_4,5,11,10_18,19,27,26_34,35,43,42_42,43,49,48_48,49,53,52_1,2,6,5_5,6,12,11_11,12,20,19_19,20,28,27_27,28,36,35_35,36,44,43_43,44,50,49_49,50,54,53_2,3,7,6_6,7,13,12_20,21,29,28_36,37,45,44_44,45,51,50_50,51,55,54_13,14,22,21_21,22,30,29_29,30,38,37_37,38,46,45_14,15,23,22_22,23,31,30_30,31,39,38_38,39,47,46_45,46,51_13,7,14_9,4,10_41,42,48_7,3,15,14_8,0,4,9_51,46,47,55_40,41,48,52_29,37,28_28,37,36_27,35,34_27,34,26_19,18,10_19,10,11_20,12,13_20,13,21_3,2,1,0,8,16,24,32,40,52,53,54,55,47,39,31,23,15