NX=0
NY=0
DX=0
DY=0
X0=0.0
Y0=0.0
P=23.571428571428573,25.0,0.0_37.85714285714286,25.0,0.0_57.142857142857146,25.0,0.0_71.42857142857143,25.0,0.0_23.571428571428573,25.0,30.0_37.85714285714286,25.0,30.0_57.142857142857146,25.0,30.0_71.42857142857143,25.0,30.0_14.29,30.0,0.0_14.285714285714286,30.0,30.0_23.571428571428573,30.0,76.0_37.85714285714286,30.0,76.0_57.142857142857146,30.0,76.0_71.42857142857143,30.0,76.0_80.71428571428572,30.0,30.0_80.71,30.0,0.0_14.29,40.0,0.0_14.285714285714286,40.0,30.0_23.571428571428573,40.0,76.0_37.85714285714286,40.0,81.0_57.142857142857146,40.0,81.0_71.42857142857143,40.0,76.0_80.71428571428572,40.0,30.0_80.71,40.0,0.0_14.29,280.0,0.0_14.29,280.0,30.0_23.571428571428573,280.0,76.0_37.85714285714286,280.0,81.0_57.142857142857146,280.0,81.0_71.42857142857143,280.0,76.0_80.71428571428572,280.0,30.0_80.71,280.0,0.0_14.29,310.0,0.0_14.285714285714286,310.0,30.0_23.571428571428573,310.0,76.0_37.85714285714286,310.0,76.0_57.142857142857146,310.0,76.0_71.42857142857143,310.0,76.0_80.71428571428572,310.0,30.0_80.71,310.0,0.0_14.29,330.0,0.0_14.285714285714286,330.0,30.0_23.571428571428573,330.0,66.0_37.85714285714286,330.0,66.0_57.142857142857146,330.0,66.0_71.42857142857143,330.0,66.0_80.71428571428572,330.0,30.0_80.71,330.0,0.0_23.571428571428573,335.0,30.0_37.85714285714286,335.0,30.0_57.142857142857146,335.0,30.0_71.42857142857143,335.0,30.0_23.571428571428573,335.0,0.0_37.85714285714286,335.0,0.0_57.142857142857146,335.0,0.0_71.42857142857143,335.0,0.0
L=[2]8,9,17,16_[2]16,17,25,24_[2]24,25,33,32_[2]32,33,41,40_[2]9,10,18,17_[2]17,18,26,25_[2]25,26,34,33_[2]33,34,42,41_[0]0,1,5,4_[0]4,5,11,10_[1]18,19,27,26_[1]34,35,43,42_[4]42,43,49,48_[4]48,49,53,52_[0]1,2,6,5_[0]5,6,12,11_[1]11,12,20,19_[1]19,20,28,27_[1]27,28,36,35_[1]35,36,44,43_[4]43,44,50,49_[4]49,50,54,53_[0]2,3,7,6_[0]6,7,13,12_[1]20,21,29,28_[1]36,37,45,44_[4]44,45,51,50_[4]50,51,55,54_[3]13,14,22,21_[3]21,22,30,29_[3]29,30,38,37_[3]37,38,46,45_[3]14,15,23,22_[3]22,23,31,30_[3]30,31,39,38_[3]38,39,47,46_[4]45,46,51_[0]13,7,14_[0]9,4,10_[4]41,42,48_[0]7,3,15,14_[0]8,0,4,9_[4]51,46,47,55_[4]40,41,48,52_[1]29,37,28_[1]28,37,36_[1]27,35,34_[1]27,34,26_[1]19,18,10_[1]19,10,11_[1]20,12,13_[1]20,13,21_[-1]3,2,1,0,8,16,24,32,40,52,53,54,55,47,39,31,23,15