<terrain>
NX=0
NY=0
DX=0
DY=0
X0=0.0
Y0=0.0
P=23.571428571428573,25.0,0.0_37.85714285714286,25.0,0.0_57.142857142857146,25.0,0.0_71.42857142857143,25.0,0.0_23.571428571428573,25.0,30.0_37.85714285714286,25.0,30.0_57.142857142857146,25.0,30.0_71.42857142857143,25.0,30.0_14.29,30.0,0.0_14.285714285714286,30.0,30.0_23.571428571428573,30.0,76.0_37.85714285714286,30.0,76.0_57.142857142857146,30.0,76.0_71.42857142857143,30.0,76.0_80.71428571428572,30.0,30.0_80.71,30.0,0.0_14.29,40.0,0.0_14.285714285714286,40.0,30.0_23.571428571428573,40.0,76.0_37.85714285714286,40.0,81.0_57.142857142857146,40.0,81.0_71.42857142857143,40.0,76.0_80.71428571428572,40.0,30.0_80.71,40.0,0.0_14.29,280.0,0.0_14.29,280.0,30.0_23.571428571428573,280.0,76.0_37.85714285714286,280.0,81.0_57.142857142857146,280.0,81.0_71.42857142857143,280.0,76.0_80.71428571428572,280.0,30.0_80.71,280.0,0.0_14.29,310.0,0.0_14.285714285714286,310.0,30.0_23.571428571428573,310.0,76.0_37.85714285714286,310.0,76.0_57.142857142857146,310.0,76.0_71.42857142857143,310.0,76.0_80.71428571428572,310.0,30.0_80.71,310.0,0.0_14.29,330.0,0.0_14.285714285714286,330.0,30.0_23.571428571428573,330.0,66.0_37.85714285714286,330.0,66.0_57.142857142857146,330.0,66.0_71.42857142857143,330.0,66.0_80.71428571428572,330.0,30.0_80.71,330.0,0.0_23.571428571428573,335.0,30.0_37.85714285714286,335.0,30.0_57.142857142857146,335.0,30.0_71.42857142857143,335.0,30.0_23.571428571428573,335.0,0.0_37.85714285714286,335.0,0.0_57.142857142857146,335.0,0.0_71.42857142857143,335.0,0.0
L=8,9,17,16_16,17,25,24_24,25,33,32_32,33,41,40_9,10,18,17_17,18,26,25_25,26,34,33_33,34,42,41_0,1,5,4_4,5,11,10_18,19,27,26_34,35,43,42_42,43,49,48_48,49,53,52_1,2,6,5_5,6,12,11_11,12,20,19_19,20,28,27_27,28,36,35_35,36,44,43_43,44,50,49_49,50,54,53_2,3,7,6_6,7,13,12_20,21,29,28_36,37,45,44_44,45,51,50_50,51,55,54_13,14,22,21_21,22,30,29_29,30,38,37_37,38,46,45_14,15,23,22_22,23,31,30_30,31,39,38_38,39,47,46_45,46,51_13,7,14_9,4,10_41,42,48_7,3,15,14_8,0,4,9_51,46,47,55_40,41,48,52_29,37,28_28,37,36_27,35,34_27,34,26_19,18,10_19,10,11_20,12,13_20,13,21_3,2,1,0,8,16,24,32,40,52,53,54,55,47,39,31,23,15
</terrain>
