NX=0
NY=0
DX=0
DY=0
X0=0.0
Y0=0.0
P=100.0,0.0,0.0_50.000000000000014,86.60254037844386,0.0_-49.99999999999998,86.60254037844388,0.0_-100.0,1.2246467991473532E-14,0.0_-50.00000000000004,-86.60254037844385,0.0_49.999999999999936,-86.6025403784439,0.0_100.0,0.0,44.44444444444444_50.000000000000014,86.60254037844386,44.44444444444444_-49.99999999999998,86.60254037844388,44.44444444444444_-100.0,1.2246467991473532E-14,44.44444444444444_-50.00000000000004,-86.60254037844385,44.44444444444444_49.999999999999936,-86.6025403784439,44.44444444444444_100.0,0.0,88.88888888888889_50.000000000000014,86.60254037844386,88.88888888888889_-49.99999999999998,86.60254037844388,88.88888888888889_-100.0,1.2246467991473532E-14,88.88888888888889_-50.00000000000004,-86.60254037844385,88.88888888888889_49.999999999999936,-86.6025403784439,88.88888888888889_100.0,0.0,133.33333333333331_50.000000000000014,86.60254037844386,133.33333333333331_-49.99999999999998,86.60254037844388,133.33333333333331_-100.0,1.2246467991473532E-14,133.33333333333331_-50.00000000000004,-86.60254037844385,133.33333333333331_49.999999999999936,-86.6025403784439,133.33333333333331_100.0,0.0,177.77777777777777_50.000000000000014,86.60254037844386,177.77777777777777_-49.99999999999998,86.60254037844388,177.77777777777777_-100.0,1.2246467991473532E-14,177.77777777777777_-50.00000000000004,-86.60254037844385,177.77777777777777_49.999999999999936,-86.6025403784439,177.77777777777777_100.0,0.0,222.22222222222223_50.000000000000014,86.60254037844386,222.22222222222223_-49.99999999999998,86.60254037844388,222.22222222222223_-100.0,1.2246467991473532E-14,222.22222222222223_-50.00000000000004,-86.60254037844385,222.22222222222223_49.999999999999936,-86.6025403784439,222.22222222222223_100.0,0.0,266.66666666666663_50.000000000000014,86.60254037844386,266.66666666666663_-49.99999999999998,86.60254037844388,266.66666666666663_-100.0,1.2246467991473532E-14,266.66666666666663_-50.00000000000004,-86.60254037844385,266.66666666666663_49.999999999999936,-86.6025403784439,266.66666666666663_100.0,0.0,311.1111111111111_50.000000000000014,86.60254037844386,311.1111111111111_-49.99999999999998,86.60254037844388,311.1111111111111_-100.0,1.2246467991473532E-14,311.1111111111111_-50.00000000000004,-86.60254037844385,311.1111111111111_49.999999999999936,-86.6025403784439,311.1111111111111_100.0,0.0,355.55555555555554_50.000000000000014,86.60254037844386,355.55555555555554_-49.99999999999998,86.60254037844388,355.55555555555554_-100.0,1.2246467991473532E-14,355.55555555555554_-50.00000000000004,-86.60254037844385,355.55555555555554_49.999999999999936,-86.6025403784439,355.55555555555554_100.0,0.0,400.0_50.000000000000014,86.60254037844386,400.0_-49.99999999999998,86.60254037844388,400.0_-100.0,1.2246467991473532E-14,400.0_-50.00000000000004,-86.60254037844385,400.0_49.999999999999936,-86.6025403784439,400.0
L=[3]0,1,7,6_[3]6,7,13,12_[3]12,13,19,18_[3]18,19,25,24_[3]24,25,31,30_[3]30,31,37,36_[3]36,37,43,42_[3]42,43,49,48_[3]48,49,55,54_[4]1,2,8,7_[4]7,8,14,13_[4]13,14,20,19_[4]19,20,26,25_[4]25,26,32,31_[4]31,32,38,37_[4]37,38,44,43_[4]43,44,50,49_[4]49,50,56,55_[2]2,3,9,8_[2]8,9,15,14_[2]14,15,21,20_[2]20,21,27,26_[2]26,27,33,32_[2]32,33,39,38_[2]38,39,45,44_[2]44,45,51,50_[2]50,51,57,56_[2]3,4,10,9_[2]9,10,16,15_[2]15,16,22,21_[2]21,22,28,27_[2]27,28,34,33_[2]33,34,40,39_[2]39,40,46,45_[2]45,46,52,51_[2]51,52,58,57_[0]4,5,11,10_[0]10,11,17,16_[0]16,17,23,22_[0]22,23,29,28_[0]28,29,35,34_[0]34,35,41,40_[0]40,41,47,46_[0]46,47,53,52_[0]52,53,59,58_[3]5,0,6,11_[3]11,6,12,17_[3]17,12,18,23_[3]23,18,24,29_[3]29,24,30,35_[3]35,30,36,41_[3]41,36,42,47_[3]47,42,48,53_[3]53,48,54,59_[1]54,55,56,57,58,59_[-1]5,4,3,2,1,0